a = 1.000000
b = 2.000000
c = 3.000000
d = 0.069767
e = 0.209302
f = 0.069767
g = 3.000000
h = 21.157796
i = 4.599760
j = 68.073148
k = 69.000000
l = 68.000000
m = 137.000000
n = 137.000000
o = 137000.000000
p = 137000.000000
q = 137000.000000
r = 137000.000000
s = 500
t = 1000
u = 1
v = 1
w = 6000
x = 8000
y = 2500
z = 12000
aa = 30002
bb = -30002
cc = 30002
dd = -30002
ee = 30002.000000
ff = -30002.000000
gg = 30002.000000
hh = -30002.000000
ii = 30002.000000
jj = -30002.000000
kk = 30002.000000
ll = -30002.000000
result = 0.000000, condition = 1
a = 3.000000
b = 4.000000
c = 7.000000
d = 0.162791
e = 1.139535
f = 0.162791
g = 7.000000
h = 1097.809949
i = 33.133215
j = 7717.802857
k = 7718.000000
l = 7717.000000
m = 15435.000000
n = 15435.000000
o = 15435000.000000
p = 15435000.000000
q = 15435000.000000
r = 15435000.000000
s = 750
t = 1500
u = 1
v = 1
w = 36000
x = 5333
y = 3750
z = 8000
aa = 55335
bb = -55335
cc = 55335
dd = -55335
ee = 55335.000000
ff = -55335.000000
gg = 55335.000000
hh = -55335.000000
ii = 55335.000000
jj = -55335.000000
kk = 55335.000000
ll = -55335.000000
result = 0.000000, condition = 1
a = 5.000000
b = 6.000000
c = 11.000000
d = 0.255814
e = 2.813953
f = 0.255814
g = 11.000000
h = 59875.433228
i = 244.694571
j = 658874.460075
k = 658875.000000
l = 658874.000000
m = 1317749.000000
n = 1317749.000000
o = 1317749000.000000
p = 1317749000.000000
q = 1317749000.000000
r = 1317749000.000000
s = 833
t = 1666
u = 1
v = 1
w = 90000
x = 4800
y = 4166
z = 7200
aa = 108667
bb = -108667
cc = 108667
dd = -108667
ee = 108667.000000
ff = -108667.000000
gg = 108667.000000
hh = -108667.000000
ii = 108667.000000
jj = -108667.000000
kk = 108667.000000
ll = -108667.000000
result = 0.000000, condition = 1
a = 7.000000
b = 8.000000
c = 15.000000
d = 0.348837
e = 5.232558
f = 0.348837
g = 15.000000
h = 3269018.789891
i = 1808.042806
j = 49037089.891165
k = 49037090.000000
l = 49037089.000000
m = 98074179.000000
n = 98074176.000000
o = 98074176000.000000
p = 98074176000.000000
q = 98074176000.000000
r = 98074176000.000000
s = 875
t = 1750
u = 1
v = 1
w = 168000
x = 4571
y = 4375
z = 6857
aa = 186430
bb = -186430
cc = 186430
dd = -186430
ee = 186430.000000
ff = -186430.000000
gg = 186430.000000
hh = -186430.000000
ii = 186430.000000
jj = -186430.000000
kk = 186430.000000
ll = -186430.000000
result = 0.000000, condition = 1
total = 0.000000
